#name longitude/X latitude/Y height/Z yaw pitch roll
G0012062.JPG 41.5406751 -70.9387435 -0.61 357.76 13.03 3.48
G0012063.JPG 41.5406751 -70.9387435 -0.61 357.76 13.03 3.48
G0012064.JPG 41.540675 -70.9387436 -0.6 357.76 13.02 3.47
G0012065.JPG 41.540675 -70.9387436 -0.6 357.76 13.02 3.47
G0012066.JPG 41.5406749 -70.9387435 -0.6 357.77 13.03 3.45
G0012067.JPG 41.5406749 -70.9387435 -0.6 357.77 13.03 3.45
G0012068.JPG 41.5406749 -70.9387436 -0.59 357.77 13.06 3.46
G0012069.JPG 41.5406749 -70.9387436 -0.59 357.77 13.06 3.46
G0012070.JPG 41.5406747 -70.9387436 -0.59 359.73 13.02 3.8
G0012071.JPG 41.5406747 -70.9387436 -0.59 359.73 13.02 3.8
G0012072.JPG 41.5406783 -70.9387423 0.24 351.62 -5.73 -0.49
G0012073.JPG 41.5406783 -70.9387423 0.24 351.62 -5.73 -0.49
G0012074.JPG 41.5407003 -70.9387406 3.46 355.81 -0.63 -0.26
G0012075.JPG 41.5407003 -70.9387406 3.46 355.81 -0.63 -0.26
G0012076.JPG 41.5407271 -70.9387374 5.2 354.12 -2.36 -0.44
G0012077.JPG 41.5407271 -70.9387374 5.2 354.12 -2.36 -0.44
G0012078.JPG 41.5407551 -70.9387352 5.52 354.11 13.24 -6.16
G0012079.JPG 41.5407551 -70.9387352 5.52 354.11 13.24 -6.16
G0012080.JPG 41.5407691 -70.9387377 5.52 358.36 4.67 -0.66
G0012081.JPG 41.5407691 -70.9387377 5.52 358.36 4.67 -0.66
G0012082.JPG 41.5407797 -70.9387382 5.02 359.33 7.36 -1.39
G0012083.JPG 41.5407797 -70.9387382 5.02 359.33 7.36 -1.39
G0012084.JPG 41.5407858 -70.9387376 4.54 358.3 6.01 -0.08
G0012085.JPG 41.5407858 -70.9387376 4.54 358.3 6.01 -0.08
G0012086.JPG 41.5407866 -70.9387372 4.69 357.19 7.08 -2.47
G0012087.JPG 41.5407866 -70.9387372 4.69 357.19 7.08 -2.47
G0012088.JPG 41.5407814 -70.9387387 5.4 358.55 4.65 -0.23
G0012089.JPG 41.5407814 -70.9387387 5.4 358.55 4.65 -0.23
G0012090.JPG 41.5407806 -70.9387356 5.88 358.24 3.51 -2.09
G0012091.JPG 41.5407806 -70.9387356 5.88 358.24 3.51 -2.09
G0012092.JPG 41.5407862 -70.9387276 5.95 42.76 15.32 6.14
G0012093.JPG 41.5407862 -70.9387276 5.95 42.76 15.32 6.14
G0012094.JPG 41.5407898 -70.9387193 5.96 111.14 -0.47 13.7
G0012095.JPG 41.5407898 -70.9387193 5.96 111.14 -0.47 13.7
G0012096.JPG 41.5407789 -70.9387183 6.3 136.68 -7.91 -1.14
G0012097.JPG 41.5407789 -70.9387183 6.3 136.68 -7.91 -1.14
G0012098.JPG 41.540766 -70.9387052 6.31 135.54 -10.83 2.87
G0012099.JPG 41.540766 -70.9387052 6.31 135.54 -10.83 2.87
G0012100.JPG 41.5407478 -70.938681 6.45 136.25 -6.02 3.04
G0012101.JPG 41.5407478 -70.938681 6.45 136.25 -6.02 3.04
G0012102.JPG 41.5407278 -70.9386517 6.63 136.05 -7.76 2.39
G0012103.JPG 41.5407278 -70.9386517 6.63 136.05 -7.76 2.39
G0012104.JPG 41.5407081 -70.9386189 6.81 135.82 -6.89 3.9
G0012105.JPG 41.5407081 -70.9386189 6.81 135.82 -6.89 3.9
G0012106.JPG 41.5406891 -70.9385864 7.17 146.87 3.95 5.83
G0012107.JPG 41.5406891 -70.9385864 7.17 146.87 3.95 5.83
G0012108.JPG 41.5406787 -70.9385597 7.39 208.2 -12.28 0.27
G0012109.JPG 41.5406787 -70.9385597 7.39 208.2 -12.28 0.27
G0012110.JPG 41.5406729 -70.9385431 7.44 270.81 -15.51 -8.06
G0012111.JPG 41.5406729 -70.9385431 7.44 270.81 -15.51 -8.06
G0012112.JPG 41.5406701 -70.9385512 7.45 270.67 -3.83 -7.12
G0012113.JPG 41.5406701 -70.9385512 7.45 270.67 -3.83 -7.12
G0012114.JPG 41.5406693 -70.9385705 7.33 266.14 -13.09 -7.27
G0012115.JPG 41.5406693 -70.9385705 7.33 266.14 -13.09 -7.27
G0012116.JPG 41.5406697 -70.938605 7.17 263.54 -12.53 -7.87
G0012117.JPG 41.5406697 -70.938605 7.17 263.54 -12.53 -7.87
G0012118.JPG 41.5406697 -70.9386531 6.92 261.98 -9.08 -8.07
G0012119.JPG 41.5406697 -70.9386531 6.92 261.98 -9.08 -8.07
G0012120.JPG 41.5406678 -70.9387078 6.74 262.82 -7.84 -8.74
G0012121.JPG 41.5406678 -70.9387078 6.74 262.82 -7.84 -8.74
G0012122.JPG 41.540665 -70.9387652 6.66 262.53 -8.22 -7.29
G0012123.JPG 41.540665 -70.9387652 6.66 262.53 -8.22 -7.29
G0012124.JPG 41.5406615 -70.9388239 6.62 262.97 -8.7 -7.73
G0012125.JPG 41.5406615 -70.9388239 6.62 262.97 -8.7 -7.73
G0012126.JPG 41.5406587 -70.9388832 6.57 263.63 -8.94 -7.87
G0012127.JPG 41.5406587 -70.9388832 6.57 263.63 -8.94 -7.87
G0012128.JPG 41.5406558 -70.9389429 6.6 263.66 -7.88 -5.31
G0012129.JPG 41.5406558 -70.9389429 6.6 263.66 -7.88 -5.31
G0012130.JPG 41.5406544 -70.9390023 6.61 263.84 -6.51 -6.45
G0012131.JPG 41.5406544 -70.9390023 6.61 263.84 -6.51 -6.45
G0012132.JPG 41.5406546 -70.9390589 6.48 264.13 -7.99 -7.69
G0012133.JPG 41.5406546 -70.9390589 6.48 264.13 -7.99 -7.69
G0012134.JPG 41.540653 -70.9391124 6.43 263.78 -8.25 -8.45
G0012135.JPG 41.540653 -70.9391124 6.43 263.78 -8.25 -8.45
G0012136.JPG 41.5406497 -70.9391659 6.28 263.12 -7.72 -7.28
G0012137.JPG 41.5406497 -70.9391659 6.28 263.12 -7.72 -7.28
G0012138.JPG 41.5406452 -70.9392184 6.2 264.54 -7.88 -5.29
G0012139.JPG 41.5406452 -70.9392184 6.2 264.54 -7.88 -5.29
G0012140.JPG 41.5406414 -70.9392708 6.18 264.74 -8.08 -6
G0012141.JPG 41.5406414 -70.9392708 6.18 264.74 -8.08 -6
G0012142.JPG 41.5406383 -70.9393233 6.19 265.63 -8.68 -5.37
G0012143.JPG 41.5406383 -70.9393233 6.19 265.63 -8.68 -5.37
G0012144.JPG 41.5406357 -70.9393769 6.18 265.21 -6.39 -4.31
G0012145.JPG 41.5406357 -70.9393769 6.18 265.21 -6.39 -4.31
G0012146.JPG 41.5406339 -70.9394293 6.15 264.95 -11.87 -4.11
G0012147.JPG 41.5406339 -70.9394293 6.15 264.95 -11.87 -4.11
G0012148.JPG 41.5406329 -70.9394819 6.01 266.86 -8.65 -5.5
G0012149.JPG 41.5406329 -70.9394819 6.01 266.86 -8.65 -5.5
G0012150.JPG 41.5406321 -70.9395323 5.63 264.68 -8.42 -5.34
G0012151.JPG 41.5406321 -70.9395323 5.63 264.68 -8.42 -5.34
G0012152.JPG 41.5406301 -70.9395836 5.41 266 -11.39 -3.37
G0012153.JPG 41.5406301 -70.9395836 5.41 266 -11.39 -3.37
G0012154.JPG 41.5406276 -70.9396357 5.3 265.61 -10.13 -4.7
G0012155.JPG 41.5406276 -70.9396357 5.3 265.61 -10.13 -4.7
G0012156.JPG 41.5406238 -70.939688 5.31 264.61 -9.89 -3.82
G0012157.JPG 41.5406238 -70.939688 5.31 264.61 -9.89 -3.82
G0012158.JPG 41.5406201 -70.939742 5.27 265.37 -6.54 -3.67
G0012159.JPG 41.5406201 -70.939742 5.27 265.37 -6.54 -3.67
G0012160.JPG 41.5406166 -70.9397929 5.1 266.57 -11.77 -3.06
G0012161.JPG 41.5406166 -70.9397929 5.1 266.57 -11.77 -3.06
G0012162.JPG 41.5406123 -70.9398461 5.05 265.03 -10.7 -3.06
G0012163.JPG 41.5406123 -70.9398461 5.05 265.03 -10.7 -3.06
G0012164.JPG 41.5406078 -70.9399013 5.05 264.84 -10.7 -2.43
G0012165.JPG 41.5406078 -70.9399013 5.05 264.84 -10.7 -2.43
G0012166.JPG 41.5406029 -70.9399565 4.99 265.05 -10.96 -2.92
G0012167.JPG 41.5406029 -70.9399565 4.99 265.05 -10.96 -2.92
G0012168.JPG 41.5405985 -70.9400108 4.84 266.31 -10.6 -2.03
G0012169.JPG 41.5405985 -70.9400108 4.84 266.31 -10.6 -2.03
G0012170.JPG 41.5405942 -70.9400654 4.72 266.69 -11.61 -1.09
G0012171.JPG 41.5405942 -70.9400654 4.72 266.69 -11.61 -1.09
G0012172.JPG 41.5405904 -70.9401224 4.61 266.44 -9.56 -1.63
G0012173.JPG 41.5405904 -70.9401224 4.61 266.44 -9.56 -1.63
G0012174.JPG 41.5405872 -70.9401798 4.57 265.98 -10.47 -0.77
G0012175.JPG 41.5405872 -70.9401798 4.57 265.98 -10.47 -0.77
G0012176.JPG 41.5405855 -70.9402367 4.49 266.33 -10.29 -2.26
G0012177.JPG 41.5405855 -70.9402367 4.49 266.33 -10.29 -2.26
G0012178.JPG 41.5405828 -70.9402946 4.49 266.64 -9.66 -1.73
G0012179.JPG 41.5405828 -70.9402946 4.49 266.64 -9.66 -1.73
G0012180.JPG 41.54058 -70.9403504 4.58 266.47 -12.31 -0.73
G0012181.JPG 41.54058 -70.9403504 4.58 266.47 -12.31 -0.73
G0012182.JPG 41.5405771 -70.9404066 4.65 266.13 -12.95 -1.57
G0012183.JPG 41.5405771 -70.9404066 4.65 266.13 -12.95 -1.57
G0012184.JPG 41.5405726 -70.9404639 4.59 266.86 -10.03 -1.27
G0012185.JPG 41.5405726 -70.9404639 4.59 266.86 -10.03 -1.27
G0012186.JPG 41.5405666 -70.9405205 4.58 267.32 -9.73 1.42
G0012187.JPG 41.5405666 -70.9405205 4.58 267.32 -9.73 1.42
G0012188.JPG 41.5405621 -70.9405777 4.53 266.56 -10.42 0.9
G0012189.JPG 41.5405621 -70.9405777 4.53 266.56 -10.42 0.9
G0012190.JPG 41.5405593 -70.9406359 4.46 267.38 -8.38 -0.35
G0012191.JPG 41.5405593 -70.9406359 4.46 267.38 -8.38 -0.35
G0012192.JPG 41.5405582 -70.940692 4.24 261.79 -12.57 -2.27
G0012193.JPG 41.5405582 -70.940692 4.24 261.79 -12.57 -2.27
G0012194.JPG 41.5405562 -70.9407498 4.39 261.16 -13.32 -1.94
G0012195.JPG 41.5405562 -70.9407498 4.39 261.16 -13.32 -1.94
G0012196.JPG 41.5405489 -70.9408085 4.52 259.02 -11.09 2.34
G0012197.JPG 41.5405489 -70.9408085 4.52 259.02 -11.09 2.34
G0012198.JPG 41.5405419 -70.9408673 4.63 259.48 -10.38 0.84
G0012199.JPG 41.5405419 -70.9408673 4.63 259.48 -10.38 0.84
G0012200.JPG 41.540537 -70.9409259 4.52 260.26 -10.15 0.05
G0012201.JPG 41.540537 -70.9409259 4.52 260.26 -10.15 0.05
G0012202.JPG 41.5405314 -70.9409848 4.41 259.95 -11.24 0.1
G0012203.JPG 41.5405314 -70.9409848 4.41 259.95 -11.24 0.1
G0012204.JPG 41.5405248 -70.9410429 4.34 258.96 -10.11 0.86
G0012205.JPG 41.5405248 -70.9410429 4.34 258.96 -10.11 0.86
G0012206.JPG 41.5405182 -70.9411008 4.14 259.72 -11.52 -0.07
G0012207.JPG 41.5405182 -70.9411008 4.14 259.72 -11.52 -0.07
G0012208.JPG 41.5405098 -70.9411586 4.11 259.39 -11.37 0.87
G0012209.JPG 41.5405098 -70.9411586 4.11 259.39 -11.37 0.87
G0012210.JPG 41.5405011 -70.9412161 4.01 260 -12.14 0.52
G0012211.JPG 41.5405011 -70.9412161 4.01 260 -12.14 0.52
G0012212.JPG 41.5404918 -70.9412741 4.01 259.82 -11.06 1.52
G0012213.JPG 41.5404918 -70.9412741 4.01 259.82 -11.06 1.52
G0012214.JPG 41.5404834 -70.941333 3.99 259.46 -11.72 0.85
G0012215.JPG 41.5404834 -70.941333 3.99 259.46 -11.72 0.85
G0012216.JPG 41.5404748 -70.9413923 4.03 259.28 -11.26 0.53
G0012217.JPG 41.5404748 -70.9413923 4.03 259.28 -11.26 0.53
G0012218.JPG 41.5404664 -70.9414515 3.95 258.64 -11.5 0.14
G0012219.JPG 41.5404664 -70.9414515 3.95 258.64 -11.5 0.14
G0012220.JPG 41.5404575 -70.9415114 3.98 258.98 -11.82 0.2
G0012221.JPG 41.5404575 -70.9415114 3.98 258.98 -11.82 0.2
G0012222.JPG 41.5404483 -70.941571 3.92 258.95 -10.03 0.77
G0012223.JPG 41.5404483 -70.941571 3.92 258.95 -10.03 0.77
G0012224.JPG 41.5404396 -70.9416293 3.82 259.4 -10.55 -0.25
G0012225.JPG 41.5404396 -70.9416293 3.82 259.4 -10.55 -0.25
G0012226.JPG 41.5404304 -70.9416873 3.63 258.39 -7.98 0.43
G0012227.JPG 41.5404304 -70.9416873 3.63 258.39 -7.98 0.43
G0012228.JPG 41.5404215 -70.9417436 3.55 258.86 -12.67 -0.31
G0012229.JPG 41.5404215 -70.9417436 3.55 258.86 -12.67 -0.31
G0012230.JPG 41.5404119 -70.9417998 3.61 258.69 -11.17 -0.52
G0012231.JPG 41.5404119 -70.9417998 3.61 258.69 -11.17 -0.52
G0012232.JPG 41.540401 -70.941857 3.56 257.56 -10.44 0.7
G0012233.JPG 41.540401 -70.941857 3.56 257.56 -10.44 0.7
G0012234.JPG 41.5403907 -70.9419151 3.66 258.62 -12.68 -1.18
G0012235.JPG 41.5403907 -70.9419151 3.66 258.62 -12.68 -1.18
G0012236.JPG 41.5403804 -70.9419716 3.83 229.91 -5.77 1.62
G0012237.JPG 41.5403804 -70.9419716 3.83 229.91 -5.77 1.62
G0012238.JPG 41.5403721 -70.9420192 3.76 204.32 -8.02 2.52
G0012239.JPG 41.5403721 -70.9420192 3.76 204.32 -8.02 2.52
G0012240.JPG 41.5403605 -70.9420568 3.6 208.58 0.29 -9.94
G0012241.JPG 41.5403605 -70.9420568 3.6 208.58 0.29 -9.94
G0012242.JPG 41.5403531 -70.9420695 3.57 215.61 -4.15 -7.01
G0012243.JPG 41.5403531 -70.9420695 3.57 215.61 -4.15 -7.01
G0012244.JPG 41.5403488 -70.9420648 3.46 206.87 -16.83 1.32
G0012245.JPG 41.5403488 -70.9420648 3.46 206.87 -16.83 1.32
G0012246.JPG 41.5403289 -70.9420551 3.62 145.74 -10.49 11.56
G0012247.JPG 41.5403289 -70.9420551 3.62 145.74 -10.49 11.56
G0012248.JPG 41.5403016 -70.9420371 3.49 81.94 -0.05 1
G0012249.JPG 41.5403016 -70.9420371 3.49 81.94 -0.05 1
G0012250.JPG 41.5402778 -70.9420104 3.59 80.22 5.84 -8.41
G0012251.JPG 41.5402778 -70.9420104 3.59 80.22 5.84 -8.41
G0012252.JPG 41.5402673 -70.941991 4.1 85.12 2.86 3.84
G0012253.JPG 41.5402673 -70.941991 4.1 85.12 2.86 3.84
G0012254.JPG 41.5402602 -70.9419685 4.75 84.52 -0.04 3.35
G0012255.JPG 41.5402602 -70.9419685 4.75 84.52 -0.04 3.35
G0012256.JPG 41.5402567 -70.941939 5.11 80.95 -1.6 3.19
G0012257.JPG 41.5402567 -70.941939 5.11 80.95 -1.6 3.19
G0012258.JPG 41.5402576 -70.9419026 5.23 77.72 -1.04 3.57
G0012259.JPG 41.5402576 -70.9419026 5.23 77.72 -1.04 3.57
G0012260.JPG 41.5402618 -70.9418604 5.07 77.3 0.27 1.81
G0012261.JPG 41.5402618 -70.9418604 5.07 77.3 0.27 1.81
G0012262.JPG 41.5402691 -70.9418132 4.91 76.28 2.88 1.86
G0012263.JPG 41.5402691 -70.9418132 4.91 76.28 2.88 1.86
G0012264.JPG 41.5402794 -70.9417649 4.86 76.78 -2.03 3.41
G0012265.JPG 41.5402794 -70.9417649 4.86 76.78 -2.03 3.41
G0012266.JPG 41.540291 -70.9417156 4.67 78.21 -3.22 1.39
G0012267.JPG 41.540291 -70.9417156 4.67 78.21 -3.22 1.39
G0012268.JPG 41.540304 -70.9416614 4.39 77.89 -0.87 3.26
G0012269.JPG 41.540304 -70.9416614 4.39 77.89 -0.87 3.26
G0012270.JPG 41.540318 -70.941605 4.19 83.92 -0.74 2.17
G0012271.JPG 41.540318 -70.941605 4.19 83.92 -0.74 2.17
G0012272.JPG 41.5403323 -70.9415501 4.21 84.96 -2.54 2.55
G0012273.JPG 41.5403323 -70.9415501 4.21 84.96 -2.54 2.55
G0012274.JPG 41.540346 -70.9414956 4.31 85.15 -3.48 3.27
G0012275.JPG 41.540346 -70.9414956 4.31 85.15 -3.48 3.27
G0012276.JPG 41.5403585 -70.9414403 4.32 86.4 -2.1 3.86
G0012277.JPG 41.5403585 -70.9414403 4.32 86.4 -2.1 3.86
G0012278.JPG 41.5403698 -70.9413862 4.23 85.44 -3.7 3.75
G0012279.JPG 41.5403698 -70.9413862 4.23 85.44 -3.7 3.75
G0012280.JPG 41.5403796 -70.9413317 3.99 85.79 -3.36 2.88
G0012281.JPG 41.5403796 -70.9413317 3.99 85.79 -3.36 2.88
G0012282.JPG 41.5403887 -70.9412783 3.78 86.49 -3.15 2.47
G0012283.JPG 41.5403887 -70.9412783 3.78 86.49 -3.15 2.47
G0012284.JPG 41.540397 -70.9412255 3.5 85.22 -3.13 2.47
G0012285.JPG 41.540397 -70.9412255 3.5 85.22 -3.13 2.47
G0012286.JPG 41.5404045 -70.9411729 3.45 84.29 -4.23 2.95
G0012287.JPG 41.5404045 -70.9411729 3.45 84.29 -4.23 2.95
G0012288.JPG 41.540412 -70.9411198 3.51 84.34 -3.44 2.29
G0012289.JPG 41.540412 -70.9411198 3.51 84.34 -3.44 2.29
G0012290.JPG 41.5404185 -70.9410664 3.53 86.67 -3.55 4.17
G0012291.JPG 41.5404185 -70.9410664 3.53 86.67 -3.55 4.17
G0012292.JPG 41.5404243 -70.9410146 3.4 87.99 -4.18 3.33
G0012293.JPG 41.5404243 -70.9410146 3.4 87.99 -4.18 3.33
G0012294.JPG 41.540429 -70.9409642 3.28 87.55 -5.57 3.53
G0012295.JPG 41.540429 -70.9409642 3.28 87.55 -5.57 3.53
G0012296.JPG 41.5404317 -70.9409135 3.33 87.45 -5.12 3.25
G0012297.JPG 41.5404317 -70.9409135 3.33 87.45 -5.12 3.25
G0012298.JPG 41.5404327 -70.9408624 3.37 86.82 -5.41 2.26
G0012299.JPG 41.5404327 -70.9408624 3.37 86.82 -5.41 2.26
G0012300.JPG 41.5404337 -70.940809 3.38 86.59 -6.76 1.45
G0012301.JPG 41.5404337 -70.940809 3.38 86.59 -6.76 1.45
G0012302.JPG 41.5404357 -70.9407526 3.52 87.02 -6.51 3
G0012303.JPG 41.5404357 -70.9407526 3.52 87.02 -6.51 3
G0012304.JPG 41.5404377 -70.9406956 3.7 86.63 -4.5 2.35
G0012305.JPG 41.5404377 -70.9406956 3.7 86.63 -4.5 2.35
G0012306.JPG 41.5404396 -70.9406419 3.64 88.65 -6.18 -0.66
G0012307.JPG 41.5404396 -70.9406419 3.64 88.65 -6.18 -0.66
G0012308.JPG 41.540444 -70.9405881 3.51 86.03 -9.86 1.75
G0012309.JPG 41.540444 -70.9405881 3.51 86.03 -9.86 1.75
G0012310.JPG 41.5404466 -70.9405282 3.56 86.42 -3.69 2.99
G0012311.JPG 41.5404466 -70.9405282 3.56 86.42 -3.69 2.99
G0012312.JPG 41.5404488 -70.9404695 3.64 87.41 -4.9 1.55
G0012313.JPG 41.5404488 -70.9404695 3.64 87.41 -4.9 1.55
G0012314.JPG 41.5404538 -70.9404151 3.61 87.55 -4.71 2.26
G0012315.JPG 41.5404538 -70.9404151 3.61 87.55 -4.71 2.26
G0012316.JPG 41.5404587 -70.940364 3.58 85.73 -9.38 2.11
G0012317.JPG 41.5404587 -70.940364 3.58 85.73 -9.38 2.11
G0012318.JPG 41.5404607 -70.9403091 3.67 85.49 -6.47 1.73
G0012319.JPG 41.5404607 -70.9403091 3.67 85.49 -6.47 1.73
G0012320.JPG 41.5404616 -70.9402524 3.77 86.88 -5.38 1.32
G0012321.JPG 41.5404616 -70.9402524 3.77 86.88 -5.38 1.32
G0012322.JPG 41.5404632 -70.9401963 3.82 86.48 -5.1 1.33
G0012323.JPG 41.5404652 -70.9401422 3.8 86.4 -8.81 1.16
G0012324.JPG 41.5404652 -70.9401422 3.8 86.4 -8.81 1.16
G0012325.JPG 41.5404652 -70.9401422 3.8 86.4 -8.81 1.16
G0012326.JPG 41.5404671 -70.9400848 3.77 86.7 -6.37 3.14
G0012327.JPG 41.5404671 -70.9400848 3.77 86.7 -6.37 3.14
G0012328.JPG 41.5404674 -70.9400271 3.86 87.24 -5.71 1.08
G0012329.JPG 41.5404674 -70.9400271 3.86 87.24 -5.71 1.08
G0012330.JPG 41.5404685 -70.9399713 3.85 90.18 -7.25 1.17
G0012331.JPG 41.5404685 -70.9399713 3.85 90.18 -7.25 1.17
G0012332.JPG 41.5404704 -70.9399143 3.79 89.56 -7.78 1.45
G0012333.JPG 41.5404704 -70.9399143 3.79 89.56 -7.78 1.45
G0012334.JPG 41.5404719 -70.9398559 3.72 89.53 -5.75 1.38
G0012335.JPG 41.5404719 -70.9398559 3.72 89.53 -5.75 1.38
G0012336.JPG 41.5404737 -70.9397969 3.65 89.37 -6.27 1.34
G0012337.JPG 41.5404737 -70.9397969 3.65 89.37 -6.27 1.34
G0012338.JPG 41.5404762 -70.9397369 3.6 88.62 -7.08 1.59
G0012339.JPG 41.5404762 -70.9397369 3.6 88.62 -7.08 1.59
G0012340.JPG 41.5404791 -70.9396756 3.68 89.1 -6.18 1.38
G0012341.JPG 41.5404791 -70.9396756 3.68 89.1 -6.18 1.38
G0012342.JPG 41.540483 -70.9396156 3.62 89.38 -6.28 1.41
G0012343.JPG 41.540487 -70.9395571 3.49 88.61 -6.49 1.67
G0012344.JPG 41.540487 -70.9395571 3.49 88.61 -6.49 1.67
G0012345.JPG 41.540487 -70.9395571 3.49 88.61 -6.49 1.67
G0012346.JPG 41.5404906 -70.9394996 3.43 89.37 -8.09 1.31
G0012347.JPG 41.5404906 -70.9394996 3.43 89.37 -8.09 1.31
G0012348.JPG 41.540493 -70.9394413 3.36 88.81 -8.95 1.99
G0012349.JPG 41.540493 -70.9394413 3.36 88.81 -8.95 1.99
G0012350.JPG 41.5404935 -70.9393805 3.54 89.54 -7.16 1.93
G0012351.JPG 41.5404935 -70.9393805 3.54 89.54 -7.16 1.93
G0012352.JPG 41.5404925 -70.9393198 3.58 89.35 -5.33 1.26
G0012353.JPG 41.5404925 -70.9393198 3.58 89.35 -5.33 1.26
G0012354.JPG 41.5404915 -70.9392616 3.53 88.74 -7.82 0.81
G0012355.JPG 41.5404915 -70.9392616 3.53 88.74 -7.82 0.81
G0012356.JPG 41.5404901 -70.939202 3.58 89.93 -7.59 1.23
G0012357.JPG 41.5404901 -70.939202 3.58 89.93 -7.59 1.23
G0012358.JPG 41.540489 -70.9391416 3.5 90.12 -7.68 2.04
G0012359.JPG 41.540489 -70.9391416 3.5 90.12 -7.68 2.04
G0012360.JPG 41.5404876 -70.9390819 3.45 90.08 -6.98 1.16
G0012361.JPG 41.5404876 -70.9390819 3.45 90.08 -6.98 1.16
G0012362.JPG 41.5404854 -70.9390222 3.37 89.61 -7.32 1.02
G0012363.JPG 41.5404854 -70.9390222 3.37 89.61 -7.32 1.02
G0012364.JPG 41.5404837 -70.9389613 3.35 88.73 -6.36 0.35
G0012365.JPG 41.5404837 -70.9389613 3.35 88.73 -6.36 0.35
G0012366.JPG 41.5404833 -70.9388995 3.32 66.73 -10.11 6.21
G0012367.JPG 41.5404833 -70.9388995 3.32 66.73 -10.11 6.21
G0012368.JPG 41.5404811 -70.9388314 3.38 73.46 -4.97 2
G0012369.JPG 41.5404811 -70.9388314 3.38 73.46 -4.97 2
G0012370.JPG 41.5404801 -70.9387614 3.45 74.14 0.14 5.34
G0012371.JPG 41.5404801 -70.9387614 3.45 74.14 0.14 5.34
G0012372.JPG 41.5404833 -70.9386989 4.01 70.29 -4.87 0.3
G0012373.JPG 41.5404833 -70.9386989 4.01 70.29 -4.87 0.3
G0012374.JPG 41.5404941 -70.9386435 6.42 67.3 6.14 4.34
G0012375.JPG 41.5404941 -70.9386435 6.42 67.3 6.14 4.34
G0012376.JPG 41.540505 -70.9386022 7.74 68.02 12.8 0
G0012377.JPG 41.540505 -70.9386022 7.74 68.02 12.8 0
G0012378.JPG 41.5405195 -70.9385887 7.97 72.38 7.23 10.67
G0012379.JPG 41.5405195 -70.9385887 7.97 72.38 7.23 10.67
G0012380.JPG 41.5405277 -70.9385904 8.12 73.52 3.91 13.8
G0012381.JPG 41.5405277 -70.9385904 8.12 73.52 3.91 13.8
G0012382.JPG 41.5405239 -70.9386029 8.09 74.08 -0.16 12.78
G0012383.JPG 41.5405239 -70.9386029 8.09 74.08 -0.16 12.78
G0012384.JPG 41.5405082 -70.9386151 8 73.13 -3.83 10.23
G0012385.JPG 41.5405082 -70.9386151 8 73.13 -3.83 10.23
G0012386.JPG 41.5404858 -70.9386194 7.98 70.06 -5.89 5.09
G0012387.JPG 41.5404858 -70.9386194 7.98 70.06 -5.89 5.09
G0012388.JPG 41.5404638 -70.9386089 8.12 65.37 -1.7 -3.21
G0012389.JPG 41.5404638 -70.9386089 8.12 65.37 -1.7 -3.21
G0012390.JPG 41.5404532 -70.9385898 8.21 64.35 -1.34 -3.93
G0012391.JPG 41.5404532 -70.9385898 8.21 64.35 -1.34 -3.93
G0012392.JPG 41.5404574 -70.938567 8.28 69.01 6.72 -6.34
G0012393.JPG 41.5404574 -70.938567 8.28 69.01 6.72 -6.34
G0012394.JPG 41.5404778 -70.9385512 8.28 76.7 9.12 -3.18
G0012395.JPG 41.5404778 -70.9385512 8.28 76.7 9.12 -3.18
G0012396.JPG 41.5405118 -70.9385492 8.4 74.49 8.91 -0.54
G0012397.JPG 41.5405118 -70.9385492 8.4 74.49 8.91 -0.54
G0012398.JPG 41.5405511 -70.9385598 8.36 72.17 9.55 0.25
G0012399.JPG 41.5405511 -70.9385598 8.36 72.17 9.55 0.25
G0012400.JPG 41.5405931 -70.9385841 8.05 71.8 14.42 3.64
G0012401.JPG 41.5405931 -70.9385841 8.05 71.8 14.42 3.64
G0012402.JPG 41.5406347 -70.9386206 7.76 62.74 -15.02 25.43
G0012403.JPG 41.5406347 -70.9386206 7.76 62.74 -15.02 25.43
G0012404.JPG 41.5406538 -70.9386425 7.22 70.63 14.25 11.98
G0012405.JPG 41.5406538 -70.9386425 7.22 70.63 14.25 11.98
G0012406.JPG 41.5406558 -70.9386803 7.37 72.98 -13.29 8.88
G0012407.JPG 41.5406558 -70.9386803 7.37 72.98 -13.29 8.88
G0012408.JPG 41.5406457 -70.9386982 7.34 72.93 -2.04 5.74
G0012409.JPG 41.5406331 -70.9386995 7.56 77.32 1.23 4.33
G0012410.JPG 41.5406331 -70.9386995 7.56 77.32 1.23 4.33
G0012411.JPG 41.5406331 -70.9386995 7.56 77.32 1.23 4.33
G0012412.JPG 41.5406225 -70.9386947 7.87 106.62 -0.54 -0.39
G0012413.JPG 41.5406225 -70.9386947 7.87 106.62 -0.54 -0.39
G0012414.JPG 41.5406196 -70.938686 8.06 165.63 8.03 -9.81
G0012415.JPG 41.5406196 -70.938686 8.06 165.63 8.03 -9.81
G0012416.JPG 41.5406263 -70.9386642 8.2 216.75 -9.37 2.46
G0012417.JPG 41.5406263 -70.9386642 8.2 216.75 -9.37 2.46
G0012418.JPG 41.5406353 -70.9386535 8.35 273.81 -8.22 -5.96
G0012419.JPG 41.5406353 -70.9386535 8.35 273.81 -8.22 -5.96
G0012420.JPG 41.5406494 -70.9386597 8.45 268.53 -0.22 -7.83
G0012421.JPG 41.5406494 -70.9386597 8.45 268.53 -0.22 -7.83
G0012422.JPG 41.5406619 -70.9386689 8.57 258.59 -5.14 -8.1
G0012423.JPG 41.5406703 -70.9386856 8.67 259.31 -7.27 -9.01
G0012424.JPG 41.5406703 -70.9386856 8.67 259.31 -7.27 -9.01
G0012425.JPG 41.5406752 -70.9387107 8.77 258.68 -0.81 -10.22
G0012426.JPG 41.5406752 -70.9387107 8.77 258.68 -0.81 -10.22
G0012427.JPG 41.5406752 -70.9387107 8.77 258.68 -0.81 -10.22
G0012428.JPG 41.5406761 -70.938733 8.81 259.04 -4.64 -8.78
G0012429.JPG 41.5406748 -70.9387546 8.89 259.24 5.56 -10.26
G0012430.JPG 41.5406748 -70.9387546 8.89 259.24 5.56 -10.26
G0012431.JPG 41.5406748 -70.9387546 8.89 259.24 5.56 -10.26
G0012432.JPG 41.5406713 -70.9387657 9.03 261.43 1.09 -7.58
G0012433.JPG 41.5406713 -70.9387657 9.03 261.43 1.09 -7.58
G0012434.JPG 41.5406673 -70.93877 9.3 261.02 2.04 -8.05
G0012435.JPG 41.5406673 -70.93877 9.3 261.02 2.04 -8.05
G0012436.JPG 41.5406626 -70.9387692 9.68 260.3 -6.35 -7.07
G0012437.JPG 41.5406565 -70.9387695 9.92 269.79 -0.94 -5.79
G0012438.JPG 41.5406565 -70.9387695 9.92 269.79 -0.94 -5.79
G0012439.JPG 41.5406526 -70.9387717 10.03 310.71 -7.27 -1.61
G0012440.JPG 41.5406526 -70.9387717 10.03 310.71 -7.27 -1.61
G0012441.JPG 41.5406526 -70.9387717 10.03 310.71 -7.27 -1.61
G0012442.JPG 41.5406566 -70.9387781 10.08 304.86 7.16 -5.51
G0012443.JPG 41.5406614 -70.9387771 10.18 302.81 -2.4 -8.6
G0012444.JPG 41.5406614 -70.9387771 10.18 302.81 -2.4 -8.6
G0012445.JPG 41.5406614 -70.9387771 10.18 302.81 -2.4 -8.6
G0012446.JPG 41.5406655 -70.9387828 10.22 305.8 -4.32 -9.41
G0012447.JPG 41.5406655 -70.9387828 10.22 305.8 -4.32 -9.41
G0012448.JPG 41.5406704 -70.938802 10.17 306.7 -5.35 -9.07
G0012449.JPG 41.5406704 -70.938802 10.17 306.7 -5.35 -9.07
G0012450.JPG 41.5406747 -70.9388324 10.02 305.08 -7.95 -7.56
G0012451.JPG 41.5406747 -70.9388324 10.02 305.08 -7.95 -7.56
G0012452.JPG 41.5406794 -70.9388721 9.91 302.08 -8.4 -9.89
G0012453.JPG 41.5406794 -70.9388721 9.91 302.08 -8.4 -9.89
G0012454.JPG 41.5406844 -70.9389183 9.89 303.78 0.07 -6.34
G0012455.JPG 41.5406844 -70.9389183 9.89 303.78 0.07 -6.34
G0012456.JPG 41.5406901 -70.9389604 9.86 302.63 -0.99 -6.43
G0012457.JPG 41.5406901 -70.9389604 9.86 302.63 -0.99 -6.43
G0012458.JPG 41.540696 -70.9389985 9.82 302.66 -1.69 -6.75
G0012459.JPG 41.540696 -70.9389985 9.82 302.66 -1.69 -6.75
G0012460.JPG 41.5407001 -70.9390325 9.92 305.34 0.12 -5.72
G0012461.JPG 41.5407001 -70.9390325 9.92 305.34 0.12 -5.72
G0012462.JPG 41.5407053 -70.9390646 10.04 304.19 0.87 -7.77
G0012463.JPG 41.5407068 -70.93909 10.29 305.24 1.01 -3.13
G0012464.JPG 41.5407068 -70.93909 10.29 305.24 1.01 -3.13
G0012465.JPG 41.5407084 -70.939108 10.6 307.2 2.6 -8.23
G0012466.JPG 41.5407084 -70.939108 10.6 307.2 2.6 -8.23
G0012467.JPG 41.5407084 -70.939108 10.6 307.2 2.6 -8.23
G0012468.JPG 41.5407079 -70.9391199 10.91 305.94 1.57 -7.6
G0012469.JPG 41.5407048 -70.9391259 10.99 306.16 1.77 -6.78
G0012470.JPG 41.5407048 -70.9391259 10.99 306.16 1.77 -6.78
G0012471.JPG 41.5407048 -70.9391259 10.99 306.16 1.77 -6.78
G0012472.JPG 41.5406998 -70.9391271 11.04 305.88 -3.2 -7.67
G0012473.JPG 41.5406998 -70.9391271 11.04 305.88 -3.2 -7.67
G0012474.JPG 41.5406932 -70.9391289 11.03 305.54 0 -7.39
G0012475.JPG 41.5406932 -70.9391289 11.03 305.54 0 -7.39
G0012476.JPG 41.5406854 -70.9391316 11 304.42 -5.54 -6.3
G0012477.JPG 41.5406854 -70.9391316 11 304.42 -5.54 -6.3
G0012478.JPG 41.5406801 -70.9391411 10.99 306.75 -3.16 -4.79
G0012479.JPG 41.5406801 -70.9391411 10.99 306.75 -3.16 -4.79
G0012480.JPG 41.540677 -70.9391504 10.69 305.11 3.65 -2.12
G0012481.JPG 41.540677 -70.9391504 10.69 305.11 3.65 -2.12
G0012482.JPG 41.5406787 -70.9391531 9.84 301.39 -5.47 -4.76
G0012483.JPG 41.5406787 -70.9391531 9.84 301.39 -5.47 -4.76
G0012484.JPG 41.5406818 -70.9391547 8.83 306.55 0 -4.6
G0012485.JPG 41.5406818 -70.9391547 8.83 306.55 0 -4.6
G0012486.JPG 41.5406849 -70.9391554 7.77 301.37 1.09 -7.38
G0012487.JPG 41.5406849 -70.9391554 7.77 301.37 1.09 -7.38
G0012488.JPG 41.5406839 -70.9391509 6.65 304.28 -3.35 -3.99
G0012489.JPG 41.5406809 -70.9391492 5.18 303.39 1.47 -1.19
G0012490.JPG 41.5406809 -70.9391492 5.18 303.39 1.47 -1.19
G0012491.JPG 41.5406812 -70.9391459 3.16 301.63 0.15 -7.35
G0012492.JPG 41.5406812 -70.9391459 3.16 301.63 0.15 -7.35
G0012493.JPG 41.5406812 -70.9391459 3.16 301.63 0.15 -7.35
G0012494.JPG 41.5406799 -70.9391421 1.03 302.93 -2.93 -9.39
G0012495.JPG 41.5406773 -70.9391409 -0.6 302.04 -2.81 -4.73
G0012496.JPG 41.5406773 -70.9391409 -0.6 302.04 -2.81 -4.73
G0012497.JPG 41.5406773 -70.9391409 -0.6 302.04 -2.81 -4.73
G0012498.JPG 41.5406745 -70.9391404 -1.57 303.85 -6.67 -4.23
G0012499.JPG 41.5406745 -70.9391404 -1.57 303.85 -6.67 -4.23
G0012500.JPG 41.5406725 -70.939146 -2.16 305.21 -1.61 -6.44
G0012501.JPG 41.5406708 -70.9391519 -2.54 303.39 -5.23 -6.01
G0012502.JPG 41.5406708 -70.9391519 -2.54 303.39 -5.23 -6.01
G0012503.JPG 41.5406664 -70.9391573 -2.85 303.67 -7.9 -3.68
G0012504.JPG 41.5406664 -70.9391573 -2.85 303.67 -7.9 -3.68
G0012505.JPG 41.5406664 -70.9391573 -2.85 303.67 -7.9 -3.68
G0012506.JPG 41.5406638 -70.939168 -2.93 302.25 -9.39 -3.76
G0012507.JPG 41.5406638 -70.939168 -2.93 302.25 -9.39 -3.76
G0012508.JPG 41.5406647 -70.9391875 -3.07 298.84 -6.34 -4.44
G0012509.JPG 41.5406647 -70.9391875 -3.07 298.84 -6.34 -4.44
G0012510.JPG 41.5406648 -70.9392087 -3.11 300.31 -6.1 -2.62
G0012511.JPG 41.5406648 -70.9392087 -3.11 300.31 -6.1 -2.62
G0012512.JPG 41.5406663 -70.9392303 -3.17 299.87 -2.6 -2.62
G0012513.JPG 41.5406663 -70.9392303 -3.17 299.87 -2.6 -2.62
G0012514.JPG 41.5406686 -70.9392512 -3.2 300.14 -5.78 -5.62
G0012515.JPG 41.5406688 -70.9392711 -3.23 300.89 -6 -3.32
G0012516.JPG 41.5406688 -70.9392711 -3.23 300.89 -6 -3.32
G0012517.JPG 41.5406676 -70.9392918 -3.2 302.84 -5.77 -8.78
G0012518.JPG 41.5406676 -70.9392918 -3.2 302.84 -5.77 -8.78
G0012519.JPG 41.5406676 -70.9392918 -3.2 302.84 -5.77 -8.78
G0012520.JPG 41.540661 -70.9393138 -3.11 301.91 -9.47 0.07
G0012521.JPG 41.5406567 -70.9393422 -3.03 301.62 -4.32 -6.15
G0012522.JPG 41.5406567 -70.9393422 -3.03 301.62 -4.32 -6.15
G0012523.JPG 41.5406567 -70.9393422 -3.03 301.62 -4.32 -6.15
G0012524.JPG 41.5406559 -70.9393734 -2.99 299.41 -5.54 -2.28
G0012525.JPG 41.5406559 -70.9393734 -2.99 299.41 -5.54 -2.28
G0012526.JPG 41.5406568 -70.9394042 -2.97 300.26 -3.61 -2.78
G0012527.JPG 41.540659 -70.9394306 -3.01 302.69 -0.66 -8.44
G0012528.JPG 41.540659 -70.9394306 -3.01 302.69 -0.66 -8.44
G0012529.JPG 41.5406563 -70.9394485 -3.03 306.26 -2.57 -5.28
G0012530.JPG 41.5406563 -70.9394485 -3.03 306.26 -2.57 -5.28
G0012531.JPG 41.5406499 -70.939464 -3.06 305.51 -6.81 -0.22
G0012532.JPG 41.5406499 -70.939464 -3.06 305.51 -6.81 -0.22
G0012533.JPG 41.540647 -70.9394823 -3.05 302.79 -2.5 -6.55
G0012534.JPG 41.540647 -70.9394823 -3.05 302.79 -2.5 -6.55
G0012535.JPG 41.5406447 -70.9395011 -3.11 302.74 -2.35 -2.83
G0012536.JPG 41.5406447 -70.9395011 -3.11 302.74 -2.35 -2.83
G0012537.JPG 41.5406436 -70.9395166 -3.1 303.9 -3.99 -3.5
G0012538.JPG 41.5406436 -70.9395166 -3.1 303.9 -3.99 -3.5
G0012539.JPG 41.5406439 -70.9395288 -2.84 305.9 -7.33 -4.84
G0012540.JPG 41.5406439 -70.9395288 -2.84 305.9 -7.33 -4.84
G0012541.JPG 41.5406444 -70.9395395 -2.43 301.92 -1.67 -4.14
G0012542.JPG 41.5406438 -70.9395435 -2.12 295.07 -7.98 -5.38
G0012543.JPG 41.5406438 -70.9395435 -2.12 295.07 -7.98 -5.38
G0012544.JPG 41.5406438 -70.9395435 -2.12 295.07 -7.98 -5.38
G0012545.JPG 41.5406417 -70.9395486 -1.83 296.93 -6.82 -5.42
G0012546.JPG 41.5406417 -70.9395486 -1.83 296.93 -6.82 -5.42
G0012547.JPG 41.5406376 -70.9395576 -1.64 295.94 -4.84 -1.35
G0012548.JPG 41.5406376 -70.9395576 -1.64 295.94 -4.84 -1.35
G0012549.JPG 41.5406361 -70.9395717 -1.5 292.46 -9.68 -3.83
G0012550.JPG 41.5406361 -70.9395717 -1.5 292.46 -9.68 -3.83
G0012551.JPG 41.5406357 -70.9395923 -1.35 291.87 -5.63 -2.88
G0012552.JPG 41.5406357 -70.9395923 -1.35 291.87 -5.63 -2.88
G0012553.JPG 41.5406372 -70.9396171 -1.32 291.78 -9.23 -0.66
G0012554.JPG 41.5406372 -70.9396171 -1.32 291.78 -9.23 -0.66
G0012555.JPG 41.5406411 -70.939644 -1.15 290.8 0.61 -6.61
G0012556.JPG 41.5406411 -70.939644 -1.15 290.8 0.61 -6.61
G0012557.JPG 41.5406431 -70.9396634 -1.05 293.69 -8.14 -5.14
G0012558.JPG 41.5406431 -70.9396634 -1.05 293.69 -8.14 -5.14
G0012559.JPG 41.5406428 -70.9396828 -0.81 292.81 -6.7 -3.26
G0012560.JPG 41.5406428 -70.9396828 -0.81 292.81 -6.7 -3.26
G0012561.JPG 41.5406429 -70.9397071 -0.59 294.41 -6.88 -7.08
G0012562.JPG 41.5406429 -70.9397071 -0.59 294.41 -6.88 -7.08
G0012563.JPG 41.5406434 -70.9397319 -0.35 295.49 -1.79 -6.26
G0012564.JPG 41.5406434 -70.9397319 -0.35 295.49 -1.79 -6.26
G0012565.JPG 41.5406406 -70.9397512 -0.01 294.69 -5.57 -4.46
G0012566.JPG 41.5406406 -70.9397512 -0.01 294.69 -5.57 -4.46
G0012567.JPG 41.5406371 -70.9397696 0.38 295.57 -0.93 -4.11
G0012568.JPG 41.5406371 -70.9397696 0.38 295.57 -0.93 -4.11
G0012569.JPG 41.5406339 -70.9397846 0.63 296.85 -3.37 -0.1
G0012570.JPG 41.5406339 -70.9397846 0.63 296.85 -3.37 -0.1
G0012571.JPG 41.540635 -70.939796 0.99 294.49 -2.29 -3.34
G0012572.JPG 41.540635 -70.939796 0.99 294.49 -2.29 -3.34
G0012573.JPG 41.5406368 -70.9398026 1.24 298.02 -0.66 -5.14
G0012574.JPG 41.5406368 -70.9398026 1.24 298.02 -0.66 -5.14
G0012575.JPG 41.5406377 -70.939804 1.48 299.13 -1.74 -7.26
G0012576.JPG 41.5406377 -70.939804 1.48 299.13 -1.74 -7.26
G0012577.JPG 41.5406361 -70.9398023 1.65 299 -1.85 -7.18
G0012578.JPG 41.5406361 -70.9398023 1.65 299 -1.85 -7.18
G0012579.JPG 41.5406313 -70.9397984 1.77 327.98 -10.44 -5.08
G0012580.JPG 41.5406313 -70.9397984 1.77 327.98 -10.44 -5.08
G0012581.JPG 41.5406305 -70.9398016 1.81 35.95 4.51 11.12
G0012582.JPG 41.5406305 -70.9398016 1.81 35.95 4.51 11.12
G0012583.JPG 41.5406329 -70.9397975 1.68 25.95 8.08 -3.87
G0012584.JPG 41.5406329 -70.9397975 1.68 25.95 8.08 -3.87
G0012585.JPG 41.5406317 -70.9397891 1.52 26.76 5.65 1.78
G0012586.JPG 41.5406317 -70.9397891 1.52 26.76 5.65 1.78
G0012587.JPG 41.5406308 -70.9397777 1.55 29.61 0.34 -4.81
G0012588.JPG 41.5406308 -70.9397777 1.55 29.61 0.34 -4.81
G0012589.JPG 41.5406366 -70.9397692 1.54 27.35 0.99 -5.47
G0012590.JPG 41.5406366 -70.9397692 1.54 27.35 0.99 -5.47
G0012591.JPG 41.5406489 -70.9397652 1.51 28.97 3.8 -4.78
G0012592.JPG 41.5406489 -70.9397652 1.51 28.97 3.8 -4.78
G0012593.JPG 41.5406627 -70.9397684 1.66 27.53 2.14 1.66
G0012594.JPG 41.5406627 -70.9397684 1.66 27.53 2.14 1.66
G0012595.JPG 41.5406771 -70.9397659 1.74 19.7 9.59 -2.79
G0012596.JPG 41.5406771 -70.9397659 1.74 19.7 9.59 -2.79
G0012597.JPG 41.540685 -70.9397643 1.88 359.57 6.48 -8.41
G0012598.JPG 41.540685 -70.9397643 1.88 359.57 6.48 -8.41
G0012599.JPG 41.5406866 -70.9397709 2.28 3.1 -0.59 -1.91
G0012600.JPG 41.5406866 -70.9397709 2.28 3.1 -0.59 -1.91
G0012601.JPG 41.5406884 -70.9397774 2.43 2.64 2 -0.81
G0012602.JPG 41.5406884 -70.9397774 2.43 2.64 2 -0.81
G0012603.JPG 41.540697 -70.939781 2.27 3.98 2.96 -1.03
G0012604.JPG 41.540697 -70.939781 2.27 3.98 2.96 -1.03
G0012605.JPG 41.5407086 -70.9397826 2.2 4.35 4.16 -1.41
G0012606.JPG 41.5407086 -70.9397826 2.2 4.35 4.16 -1.41
G0012607.JPG 41.5407225 -70.9397833 2.21 2.46 3.04 -0.68
G0012608.JPG 41.5407225 -70.9397833 2.21 2.46 3.04 -0.68
G0012609.JPG 41.5407387 -70.9397833 2.25 0.55 3.52 -1.1
G0012610.JPG 41.5407387 -70.9397833 2.25 0.55 3.52 -1.1
G0012611.JPG 41.5407551 -70.9397809 2.35 0.13 5.33 -2.51
G0012612.JPG 41.5407551 -70.9397809 2.35 0.13 5.33 -2.51
G0012613.JPG 41.5407699 -70.9397782 2.44 1.11 9.16 -1.66
G0012614.JPG 41.5407699 -70.9397782 2.44 1.11 9.16 -1.66
G0012615.JPG 41.5407789 -70.9397752 2.53 2.78 7.44 -2.56
G0012616.JPG 41.5407789 -70.9397752 2.53 2.78 7.44 -2.56
G0012617.JPG 41.5407841 -70.9397722 2.5 2.4 4.94 -3.44
G0012618.JPG 41.5407841 -70.9397722 2.5 2.4 4.94 -3.44
G0012619.JPG 41.540788 -70.9397714 2.38 3.38 -1.03 -2.83
G0012620.JPG 41.540788 -70.9397714 2.38 3.38 -1.03 -2.83
G0012621.JPG 41.5407972 -70.9397725 2.17 2.65 12.71 -1.25
G0012622.JPG 41.5407972 -70.9397725 2.17 2.65 12.71 -1.25
G0012623.JPG 41.5407996 -70.9397728 2.25 2.66 3.53 -2.28
G0012624.JPG 41.5407996 -70.9397728 2.25 2.66 3.53 -2.28
G0012625.JPG 41.5408022 -70.9397741 2.36 3.48 -0.97 -0.74
G0012626.JPG 41.5408022 -70.9397741 2.36 3.48 -0.97 -0.74
G0012627.JPG 41.5408151 -70.9397754 2.27 0.97 9.83 -2.38
G0012628.JPG 41.5408151 -70.9397754 2.27 0.97 9.83 -2.38
G0012629.JPG 41.540825 -70.9397777 2.41 354.52 1.77 -0.89
G0012630.JPG 41.540825 -70.9397777 2.41 354.52 1.77 -0.89
G0012631.JPG 41.5408378 -70.9397805 2.59 352.83 2.27 -0.72
G0012632.JPG 41.5408378 -70.9397805 2.59 352.83 2.27 -0.72
G0012633.JPG 41.5408514 -70.9397822 2.95 354.67 3.1 -0.01
G0012634.JPG 41.5408514 -70.9397822 2.95 354.67 3.1 -0.01
G0012635.JPG 41.5408649 -70.9397841 3.01 354.12 9.51 -1.76
G0012636.JPG 41.5408649 -70.9397841 3.01 354.12 9.51 -1.76
G0012637.JPG 41.5408744 -70.9397867 3.1 356.9 3.07 1.37
G0012638.JPG 41.5408744 -70.9397867 3.1 356.9 3.07 1.37
G0012639.JPG 41.5408831 -70.9397886 3.06 352.72 11.3 -1.15
G0012640.JPG 41.5408831 -70.9397886 3.06 352.72 11.3 -1.15
G0012641.JPG 41.540886 -70.9397894 2.92 352.79 3.07 0.28
G0012642.JPG 41.540886 -70.9397894 2.92 352.79 3.07 0.28
G0012643.JPG 41.5408886 -70.9397904 2.67 352.99 7.83 1.58
G0012644.JPG 41.5408886 -70.9397904 2.67 352.99 7.83 1.58
G0012645.JPG 41.5408907 -70.9397882 2.47 352.59 5.22 -0.96
G0012646.JPG 41.5408907 -70.9397882 2.47 352.59 5.22 -0.96
G0012647.JPG 41.5408922 -70.9397861 2.3 352.96 8.62 -1.22
G0012648.JPG 41.5408922 -70.9397861 2.3 352.96 8.62 -1.22
G0012649.JPG 41.5408913 -70.939784 1.73 352.55 5.06 -0.72
G0012650.JPG 41.5408913 -70.939784 1.73 352.55 5.06 -0.72
G0012651.JPG 41.5408908 -70.9397817 1.11 352.75 6.66 -0.59
G0012652.JPG 41.5408908 -70.9397817 1.11 352.75 6.66 -0.59
G0012653.JPG 41.5408906 -70.939779 0.5 352.16 6.94 -0.98
G0012654.JPG 41.5408887 -70.9397764 -0.3 350.61 5.04 -1.5
G0012655.JPG 41.5408887 -70.9397764 -0.3 350.61 5.04 -1.5
G0012656.JPG 41.5408887 -70.9397764 -0.3 350.61 5.04 -1.5
G0012657.JPG 41.5408866 -70.9397739 -0.83 348.56 5.39 -1.75
G0012658.JPG 41.5408866 -70.9397739 -0.83 348.56 5.39 -1.75
G0012659.JPG 41.5408829 -70.9397724 -1.38 348.37 -7.61 0.68
G0012660.JPG 41.5408829 -70.9397724 -1.38 348.37 -7.61 0.68
G0012661.JPG 41.5408863 -70.9397693 -1.78 346.87 8.94 -4.09
G0012662.JPG 41.5408863 -70.9397693 -1.78 346.87 8.94 -4.09
G0012663.JPG 41.5408837 -70.9397669 -2.03 348.8 4.55 -1.48
G0012664.JPG 41.5408837 -70.9397669 -2.03 348.8 4.55 -1.48
G0012665.JPG 41.5408781 -70.9397691 -2.57 348.9 -3.27 3.37
G0012666.JPG 41.5408781 -70.9397691 -2.57 348.9 -3.27 3.37
G0012667.JPG 41.5408766 -70.9397693 -3.09 345.12 -0.15 0.46
G0012668.JPG 41.5408766 -70.9397693 -3.09 345.12 -0.15 0.46
G0012669.JPG 41.5408774 -70.9397688 -3.34 346.45 0.59 0.54
G0012670.JPG 41.5408774 -70.9397688 -3.34 346.45 0.59 0.54
G0012671.JPG 41.5408772 -70.9397688 -3.36 346.72 0.62 0.5
G0012672.JPG 41.5408772 -70.9397688 -3.36 346.72 0.62 0.5
